time_stamp	play_fov	option	sum_rebuffer	selected_tile	bit_rate
1.865	0.0	new0	5594.9	[1, 1, 1, 1, 1, 1, 1, 1, 1, 1, 1, 1]	[0, 0, 0, 0, 0, 0, 0, 0, 0, 0, 0, 0]
3.787	1.0	new1	8359.5	[1, 1, 1, 1, 1, 1, 1, 1, 1, 1, 1, 1]	[0, 0, 0, 0, 0, 0, 0, 0, 0, 0, 0, 0]
5.105	2.0	new2	9314.0	[0, 1, 1, 1, 1, 1, 0, 1, 1, 1, 1, 1]	[0, 0, 0, 0, 0, 0, 0, 0, 0, 0, 0, 0]
5.678	2.573033618747694	new3	9314.0	[0, 0, 1, 1, 1, 1, 0, 1, 1, 1, 1, 1]	[0, 0, 0, 0, 0, 0, 0, 0, 0, 0, 0, 0]
6.223	3.1182763948923284	new4	9314.0	[0, 1, 1, 1, 1, 1, 0, 1, 1, 1, 1, 1]	[0, 0, 0, 0, 0, 0, 0, 0, 0, 0, 0, 0]
7.098	3.9937003108410583	new5	9314.0	[0, 1, 1, 1, 1, 1, 0, 1, 1, 1, 1, 1]	[0, 0, 3, 0, 3, 3, 0, 0, 0, 0, 0, 1]
7.953	4.848261113921741	new6	9314.0	[0, 0, 1, 1, 1, 1, 0, 0, 0, 1, 0, 1]	[0, 0, 3, 3, 3, 3, 0, 0, 0, 3, 0, 3]
8.727	5.621823699968033	new7	9314.0	[0, 0, 0, 1, 0, 1, 0, 0, 0, 1, 0, 1]	[0, 0, 0, 3, 0, 3, 0, 0, 0, 3, 0, 3]
9.606	6.500866535848463	new8	9314.0	[0, 0, 0, 1, 0, 1, 0, 0, 0, 1, 0, 1]	[0, 0, 0, 3, 0, 3, 0, 0, 0, 3, 0, 3]
10.856	7.751685660130079	new9	9314.0	[0, 0, 1, 1, 1, 1, 0, 0, 1, 1, 1, 1]	[0, 0, 0, 0, 3, 3, 0, 0, 0, 0, 0, 3]
