time_stamp	play_fov	option	sum_rebuffer	selected_tile	bit_rate
0.517	0.0	new0	1551.2	[1, 1, 1, 1, 1, 1, 1, 1, 1, 1, 1, 1]	[0, 0, 0, 0, 0, 0, 0, 0, 0, 0, 0, 0]
1.259	0.7420971933072134	new1	1551.2	[1, 1, 1, 1, 1, 1, 1, 1, 1, 1, 1, 1]	[0, 0, 0, 0, 3, 0, 0, 2, 0, 0, 3, 0]
2.306	1.789128967422454	new2	1551.2	[1, 1, 1, 1, 1, 1, 0, 1, 1, 1, 1, 1]	[0, 0, 3, 0, 3, 3, 0, 0, 3, 0, 3, 0]
3.508	2.9907084314338364	new3	1551.2	[0, 1, 1, 1, 1, 1, 0, 1, 1, 1, 1, 1]	[0, 3, 3, 0, 3, 0, 0, 0, 3, 0, 3, 3]
4.748	4.0	new4	2245.2	[1, 1, 1, 1, 1, 1, 1, 1, 1, 1, 1, 1]	[0, 0, 0, 0, 3, 0, 0, 0, 3, 0, 3, 3]
7.926	5.0	new5	8779.4	[0, 1, 1, 1, 1, 1, 0, 1, 1, 1, 1, 1]	[0, 0, 0, 0, 3, 0, 0, 0, 3, 0, 3, 2]
10.247	6.0	new6	12742.0	[1, 1, 1, 1, 1, 1, 1, 1, 1, 1, 1, 1]	[0, 0, 0, 0, 0, 0, 0, 0, 0, 0, 0, 0]
12.325	7.0	new7	15975.6	[0, 1, 1, 1, 1, 1, 0, 0, 1, 1, 1, 1]	[0, 0, 0, 0, 0, 0, 0, 0, 0, 0, 0, 0]
13.836	8.0	new8	17508.1	[0, 0, 1, 1, 1, 1, 0, 0, 1, 0, 1, 1]	[0, 0, 0, 0, 0, 0, 0, 0, 0, 0, 0, 0]
15.693	9.0	new9	20079.5	[0, 0, 1, 1, 1, 1, 0, 0, 1, 1, 1, 1]	[0, 0, 0, 0, 0, 0, 0, 0, 0, 0, 0, 0]
